[-7.16709377e-06  3.41960290e-01  2.28009995e-02  1.83770415e-01
 -5.49715072e-02 -5.74148791e-02  5.38984852e-02  1.74859290e-01
 -1.83853950e-01 -2.48582261e-01  4.83792376e-02 -6.19923171e-01
  5.61446615e-02 -2.22211676e-01 -1.53051928e-01  4.08022234e-02
 -2.28907725e-01  9.03426662e-02  3.25149897e-02 -7.05736482e-02
  2.86071709e-01  3.92765721e-02 -2.32575526e-01 -3.07533540e-02
 -2.50175178e-02  2.32556375e-02  3.88641664e-02  1.83941501e-02
  3.47544069e-01 -2.20996436e-01 -1.04150135e-01  6.92655595e-03
  1.68676004e-02  3.78472927e-02  2.51151974e-01 -5.91391365e-02
 -3.99262581e-02  1.19075384e-01  1.62665501e-01  2.69651876e-01
  2.32292019e-01 -1.52949847e-01 -1.51057628e-01 -1.45657469e-01
 -8.41939870e-02 -2.84336888e-01 -3.15105240e-04  7.28026328e-03
  1.54054889e-02 -1.33348529e-01 -3.72266640e-01  1.12086589e-01
 -1.59255148e-01  3.97186299e-02 -3.90267489e-02 -1.40878043e-03
  5.07613099e-02 -7.62999779e-02 -6.53428338e-02  2.54889142e-01
 -1.09003217e-01 -9.78551819e-02 -1.80946814e-01  1.50693154e-02
 -1.74514081e-01  6.19730905e-01 -1.54242447e-01 -2.43340218e-01
 -4.62340486e-01  1.76148764e-01  9.95690270e-02  2.75822627e-02
  1.03430266e-01 -5.74188153e-02  3.66809112e-01  4.79322874e-02
 -8.00636512e-02 -2.61615576e-02  1.90075102e-02 -2.66738861e-02
 -4.04148364e-01  4.39397250e-01 -7.86335321e-02 -1.80331814e-01
 -2.46467220e-02 -9.75154094e-02  3.29737455e-01  8.78337590e-02
 -3.97254037e-02 -9.97120394e-02  1.67604546e-01  1.28912711e-01
  1.43375055e-01  5.74361038e-03 -3.01841276e-02  1.32909202e-02
  3.80741841e-02  8.58539691e-01 -4.75978242e-01  7.41034067e-01
  5.92061186e-01 -2.61555369e-02 -2.08329840e-01  2.51815744e-01
  3.64252415e-01 -5.65120512e-02 -1.26904715e-01  8.46548473e-02
  7.41284170e-02  1.55699396e-01 -2.04264940e-01 -8.90833767e-02
 -1.41451686e-02  4.26535304e-03  3.44890521e-02 -2.25721806e-02
 -3.50814975e-02  9.16424692e-02  5.32998147e-02 -3.29915691e-02
  3.90102138e-02 -4.31530258e-02 -2.58784576e-01]

[-9.75161585e-06  2.12394901e-01 -2.41251834e-02  2.47488230e-01
  2.16346379e-02 -1.32847699e-02  3.62422349e-02  1.26268567e-01
 -3.27661559e-01 -7.41770920e-02  4.51288345e-02 -3.52407448e-01
  5.17477854e-02 -1.45607772e-02 -2.49374067e-01  5.03575274e-02
 -1.76297718e-01 -3.74428449e-02 -2.81793043e-02 -9.34156816e-02
  1.68507982e-01  1.26971499e-01 -3.57911850e-01 -4.14525251e-02
 -1.90793277e-02  1.18248159e-02  4.87562438e-02  1.68260873e-02
  8.08435716e-02 -2.17111925e-01 -5.03511322e-02  2.21474525e-02
  5.34135136e-02  8.89244486e-03  2.30024070e-01 -4.26854036e-02
  1.17827879e-02  2.45895201e-02  3.75571184e-02  5.05230810e-01
  2.44769213e-01  2.11953197e-01 -6.45405306e-01 -1.60216785e-01
  1.76817422e-01 -4.43472944e-01 -5.20432627e-02  2.66906543e-02
  2.57729269e-02 -1.71019184e-01 -3.81822792e-02  1.31684544e-01
 -1.20497581e-01  4.30765325e-02  5.16990943e-03 -8.24258036e-02
  7.18676681e-02 -1.63189021e-01 -2.56477262e-03  4.91882443e-01
 -3.57002004e-01 -7.15416996e-02 -1.75583968e-01 -8.53714076e-02
 -1.49144296e-02  7.32765175e-01 -3.01371963e-01 -2.28445969e-01
 -2.98860427e-01  2.45379936e-01  1.15912970e-01  1.62413709e-02
  1.78972366e-01 -4.33410498e-02  1.78671062e-01  2.76068087e-02
 -6.33363453e-02 -2.64745007e-02  2.91491284e-02 -1.04874583e-02
 -2.23413523e-01  1.35734259e-01  4.33402264e-02 -1.98151931e-01
 -8.63980940e-02 -1.36049872e-01  3.99623658e-01  7.58677437e-02
 -3.68048627e-02 -6.48327778e-02  7.04447109e-02  2.10020985e-01
  1.45291567e-01  3.29679759e-02 -3.41962295e-02  3.75302737e-02
  1.35507627e-02  2.52739109e-01 -5.21836371e+00  6.88551673e-01
  5.19360510e-01 -5.20791022e-01 -1.27241714e-01  2.94515109e-01
  5.18095557e+00 -4.20786909e-02 -8.02691221e-02  1.16695819e-02
  2.26495917e-02  6.56328584e-02 -1.04218306e-02 -1.59440793e-01
  2.16849807e-02 -3.19440886e-02 -2.66941051e-02  5.45785338e-03
 -4.50856148e-02  1.59556297e-01  7.73969648e-01 -2.09438200e-02
  2.72409889e-02 -4.32046984e-02 -3.73417874e-01]

[-1.00827622e-05  3.42150101e-01 -4.96944753e-02  2.53447348e-01
  3.47835347e-02  7.91078093e-03  1.46661126e-01  8.66625122e-02
 -4.06523948e-01 -9.64761646e-03 -4.23784513e-02 -5.27214688e-01
  4.46489712e-02 -1.67111810e-01 -2.17241517e-01  4.86809741e-02
 -1.53200615e-01  6.31452483e-02 -2.18439195e-02 -5.68274656e-02
  3.55132629e-01  7.64380858e-02 -3.01271245e-01 -4.03367612e-02
 -3.76945748e-02 -3.80972664e-03  2.84099448e-02  2.63267270e-02
 -5.23289445e-04 -1.69394719e-01 -8.45344325e-02  1.06048094e-01
 -1.76472724e-02 -5.12491359e-02  2.30136437e-01 -2.89531101e-02
  2.49508891e-02 -1.30241355e-02  7.35033349e-02  2.83245495e-01
  2.25400734e-01  6.41201950e-03 -2.67595917e-01 -5.68604924e-02
  5.01043606e-02 -3.68807843e-01 -3.80866654e-02 -3.09359555e-02
  1.00193886e-01 -2.18123900e-01  6.66443651e-03  7.96912321e-02
 -2.45684071e-01  5.10601360e-02  4.78379281e-02 -1.17635552e-01
  4.12718687e-02 -1.18395616e-01 -1.79002959e-01  5.85792081e-01
 -2.37423625e-01  1.06213465e-02 -2.17124662e-01 -1.16629417e-01
 -1.71700559e-02  5.79878702e-01 -1.12425562e-01 -2.26723313e-01
 -6.37538860e-01  2.23533791e-01  1.05614602e-01  9.00720783e-03
  1.37477324e-01 -3.84909023e-02  4.85876118e-01  3.36271103e-02
 -7.03929163e-02 -2.84203293e-04  2.39015024e-02 -1.27365040e-02
 -1.32895461e-01  2.56826061e-02  2.02034845e-02 -1.90284972e-01
 -1.47510059e-01 -5.28547030e-02  4.36171607e-01  5.05490714e-02
 -4.57248911e-02 -6.83510250e-02  1.59335023e-01  1.70338119e-01
  1.04724882e-01  5.99433324e-03 -3.34491177e-02  5.78846895e-02
 -1.17623150e-03 -1.54577281e-01 -9.12642921e+00  6.72393429e-01
  8.71495194e-01 -2.39372865e-01 -2.25647462e-01  3.25212633e-01
  8.80881204e+00 -2.89583299e-02 -7.64675351e-02 -1.89812652e-01
 -1.66734075e-01  4.82495546e-02  1.93658933e-01 -3.91008244e-01
  1.71848037e-02 -5.09411746e-03  6.56072844e-02  3.33433487e-02
 -3.03978020e-02  2.41740097e-01  1.07356663e+00 -1.34278713e-01
  3.46463309e-02 -1.00155484e-02 -3.95598819e-01]

[-1.25690044e-05  2.62913910e-01 -1.98531479e-02  2.22596289e-01
 -6.64487302e-04  1.10042596e-02  9.12907013e-02  6.58772573e-02
 -2.38235661e-01 -5.39494393e-02  4.68753438e-02 -4.26454317e-01
  4.92916727e-02 -7.23205954e-02 -1.68484205e-01  4.61258947e-02
 -1.65943635e-01  1.47972529e-01 -5.40730619e-02 -7.49263811e-02
  2.43228282e-01  1.18915172e-01 -3.85909871e-01 -4.14903982e-02
 -3.39474468e-02  3.29456105e-02  4.22266219e-02  2.42880365e-02
 -2.32096164e-02 -1.28248106e-01 -9.03450644e-02  8.27133215e-02
  5.17437137e-02  2.15104780e-02  3.10501302e-01 -5.02525364e-02
  3.03702606e-02  7.48021972e-02  1.04622890e-01  5.20403546e-01
  1.93518990e-01  3.66571509e-01 -8.07110072e-01 -1.05490387e-01
  8.25996549e-02 -4.19299447e-01 -3.19629610e-02  4.01327078e-02
  6.25067130e-02 -2.17250949e-01 -5.57263117e-02  1.17214395e-01
 -2.24064495e-01  2.07408846e-02  1.36476310e-02 -7.66315168e-02
  7.69370594e-02 -5.54370583e-02 -1.15045879e-01  2.82201149e-01
 -1.62311763e-01 -3.35619328e-03 -1.43967805e-01 -4.63994306e-02
 -6.92898367e-02  5.72351813e-01 -9.89299774e-02 -2.24471854e-01
 -5.66726477e-01  1.90010385e-01  1.17551264e-01  4.49180876e-02
  1.84958602e-01 -6.74972198e-02  4.39987517e-01  5.69384295e-02
 -7.75406833e-02 -2.41239383e-02  7.83500090e-03 -1.99623997e-04
 -2.66486685e-01  2.15568613e-01 -4.39433192e-02 -2.22610811e-01
 -1.00780085e-01 -7.03755184e-03  3.66316297e-01  2.68220523e-02
 -2.04016031e-02 -9.64555540e-02  1.53007344e-01  1.32096918e-01
  1.74747977e-01  2.68191309e-03 -6.90824031e-02  5.87613868e-02
  3.55080412e-02 -6.23777690e-02 -2.41807664e+00  4.02920810e-01
  9.48542170e-01 -1.21820662e-01 -4.29486752e-02  1.28606819e-01
  1.76792221e+00 -1.05373274e-01  6.83704987e-02 -3.01473097e-02
 -7.44934847e-02  1.00413293e-01  1.58743214e-01  1.38128197e-01
  6.00408316e-02 -1.01841527e-02  1.15370946e-02 -1.85956730e-02
 -3.49694581e-02  2.68446306e-02  6.21552177e-01 -9.59862652e-02
  1.56598993e-02 -9.87048092e-02 -2.36437140e-01]

[-6.58805073e-06  5.67985429e-02  1.59964075e-02  1.77236683e-01
 -1.54621943e-02 -2.36892621e-02  7.23846263e-02  7.23420241e-02
 -2.13483466e-01 -1.10904113e-01  1.31931136e-01 -2.91376249e-01
  4.88816480e-02 -2.16703121e-01 -1.73950661e-01  5.51285435e-02
 -1.60863765e-01  3.58069433e-02  2.50167610e-03 -1.04265065e-01
  2.80613887e-01  7.18802506e-02 -3.19287345e-01 -1.01712551e-02
 -2.05181623e-02  8.06780571e-03  3.84325090e-02  5.64683750e-02
  2.75299034e-02 -1.52596201e-01 -1.12645284e-01  2.70480641e-02
  3.33162748e-02  3.64025760e-02  2.87973759e-01 -5.00143754e-02
  1.91595731e-02  4.99093943e-02  1.26534702e-01  4.82899826e-01
  2.01205046e-01  1.63038623e-01 -5.67778003e-01 -8.48631200e-02
  1.38507102e-01 -4.58101354e-01 -5.79043307e-02  1.85254009e-02
  5.12823918e-02 -1.57463565e-01 -4.11574770e-02  1.51735307e-01
 -8.81313814e-02  7.71504913e-03 -1.31818038e-03 -2.02123915e-02
  2.85569685e-02 -5.65992021e-02 -1.31993019e-01  3.26462832e-01
 -1.36681444e-01 -4.79416885e-02 -1.54180744e-01 -1.91205136e-01
  9.87053824e-02  6.31833193e-01 -1.30233342e-01 -2.53629800e-01
 -7.04332658e-01  1.21553490e-01  1.07896738e-01  3.39334137e-02
  2.10164090e-01 -4.34845206e-02  5.92397899e-01  1.05185484e-02
 -8.16259901e-02 -2.44750035e-02  4.69989916e-03  1.90999236e-03
 -2.54054723e-01  1.18525000e-01  8.78830083e-02 -2.11387520e-01
 -1.29673953e-02 -6.24139892e-02  2.99907926e-01  5.68317639e-02
 -5.80081095e-02 -5.71258287e-02  1.13128173e-01  2.15416015e-01
  1.13126726e-01 -4.00593726e-03 -3.10101090e-02  1.40506674e-02
  3.87687626e-02 -1.36394844e-01 -6.55021437e+00  6.84564975e-01
  1.13811634e+00 -3.65956646e-01 -1.16788934e-01  2.73049951e-01
  5.90867163e+00  2.44663248e-03 -1.71307959e-01  1.41026131e-02
 -7.74862708e-03  4.98170533e-02 -6.89141077e-02 -1.25504154e-01
 -2.21707929e-02 -1.63000374e-02  5.12312204e-02  7.29370657e-03
 -4.71789972e-02  7.14095222e-02  1.13469521e+00 -1.97788212e-01
  4.03411952e-02 -4.84450652e-02 -3.96525081e-01]

